8
7 1 1225
7 3 1450
3 2 1304
7 5 1289
6 4 1232
2 1 1423
3 5 1227
6 2 1758
300
7223 30672 2218
9115 41941 2913
5231 24299 526
11149 31856 2231
7055 30244 1136
3349 19258 1878
3169 24330 2056
19782 38655 1908
15054 32224 677
12403 23749 1011
9606 41999 2761
18918 36973 1981
1501 21255 784
9482 22954 1433
3309 21801 1453
14857 38462 1638
5329 26364 1994
6865 32620 1955
2339 25284 1593
17502 40448 1200
5354 25437 1502
8845 34600 2054
7196 37317 2781
1832 19724 1828
10336 25063 631
2168 18604 1596
10311 32909 2823
12964 45178 2544
4681 25915 2379
8081 30641 1071
17661 40960 2799
14038 48217 2894
13087 38467 2890
4532 24870 1398
2978 32965 2521
3592 14556 692
13833 34379 1155
12608 27660 760
15337 43706 2940
18128 44876 1529
3753 22657 547
8743 39830 2699
3655 22928 1893
5182 29015 2280
8630 24396 513
16635 42742 1231
9779 33243 935
19954 41107 2579
12252 35374 1126
17674 41236 1161
18 28191 2672
16010 30464 1827
11894 36080 958
7846 22590 1759
18591 32311 1486
15924 38543 850
17455 38917 783
4207 25091 1015
18015 37950 2446
17290 44508 1585
13865 37255 2984
6591 36811 2708
13074 37958 1776
14355 44239 2029
14794 34871 2619
7362 20986 1515
689 24747 1884
7540 36021 2768
235 13408 1402
7501 17310 741
10827 20127 628
7798 30385 2605
7020 33294 2488
18711 38356 1041
7962 37997 2436
13338 33642 2437
3176 23402 886
11609 34873 2265
15303 45371 2183
3224 12822 721
11118 39979 2149
8147 21021 947
17573 36318 1279
13824 27200 1074
15159 32451 1640
14520 36798 808
3208 22806 2754
483 20581 2714
5449 24447 1468
15773 36720 2489
1921 20328 2142
70 21726 2052
14909 32512 1586
18211 45215 2232
5072 25648 2493
7133 21666 1715
17766 38124 2872
1873 16614 1784
15623 43321 2892
5158 24464 2675
2625 34473 2580
2245 23299 1261
7707 23212 778
18667 32655 991
19481 39487 2871
13737 33682 835
18521 46536 2890
8544 25865 1795
7821 26102 1786
4288 30897 2121
14982 33802 1728
305 16798 797
3276 23506 2806
6984 33782 2702
4340 22988 1586
8004 22963 781
5169 25683 1667
9912 38558 2725
256 29528 2666
9810 39533 2771
4400 18353 924
3507 25530 972
5093 28385 2766
19819 36539 1654
6671 32454 1904
16561 37470 1581
1664 15816 1528
9066 25958 2234
10929 31133 514
8583 21405 1035
18077 46183 2309
18379 34792 2251
2465 26723 958
17877 29017 1110
19087 43199 2012
14083 26701 1106
10101 24430 671
11724 23480 663
3368 21772 1522
13316 42449 2793
7757 32587 1133
5801 31067 1165
812 19690 2188
13491 40934 1860
8742 23930 1516
12535 36534 942
15423 27357 658
15083 32396 1317
7457 24859 1750
6328 20836 596
9129 37510 1844
9146 23819 784
13096 42159 2586
10851 29783 2696
8559 21344 972
8698 28714 2878
19548 36387 944
10278 32002 1915
16758 38567 2983
18893 37392 2077
1454 25781 1543
55 25003 2286
6456 30948 2705
2292 29504 2266
10286 35414 1852
9840 28198 1010
13382 32556 1766
9688 34511 2148
6286 23279 1021
5702 31046 2052
9861 35669 2831
13 23711 2744
6887 27305 1675
19879 49980 2875
15236 36569 1819
7002 31932 2311
5560 33544 2438
9299 26979 847
3060 30829 1872
10171 26161 1462
4828 16803 1315
8023 24252 689
14923 30703 798
6371 37425 2857
16199 38106 2072
4835 28078 1499
3492 23855 522
7170 26256 2241
15222 34149 2621
8165 40979 2783
14957 27126 997
17404 43576 2403
10397 42461 2938
16540 40091 2312
14611 48030 2744
15554 33682 1151
8101 34666 1561
17081 38195 1635
8998 28599 1479
9362 22288 817
11005 29303 1612
2640 23467 2712
7577 24437 1117
7010 18687 1125
13356 34772 2199
15267 40689 2722
6777 29198 755
12762 43686 2220
640 34136 2892
12464 39568 2858
11526 24038 524
13730 38033 2097
19767 53156 2736
15998 31608 1403
14281 35322 1617
12742 26339 618
5408 34958 2156
4182 31447 2414
883 34177 2687
19395 44206 2113
2750 21335 611
4446 34923 2255
5954 23732 2391
12422 30610 1565
14899 32084 1366
12423 31391 1882
8266 38075 2226
15411 24903 835
1706 25984 2709
2248 27137 1418
1016 13387 664
667 22426 1316
7816 20504 1124
3748 30183 2439
15238 38658 1392
12087 27581 1549
19898 52057 2981
5366 20307 969
18962 29092 942
18867 43849 1777
12997 39896 2037
2490 23750 1312
3339 27231 1494
19674 46546 1735
18544 41341 995
11377 28445 668
12142 29541 2254
11181 29248 2572
16062 33891 2220
11868 38656 2275
5013 29063 2383
17096 38858 1221
17634 43355 1606
15232 39768 2480
8794 33704 2926
2839 19933 1505
7990 37015 2346
18672 45686 2403
11023 26753 2052
10650 31249 2524
6950 30248 2497
11152 28523 1558
9052 37863 2941
16928 27763 541
7908 28955 850
16009 40925 2164
15600 38602 1484
14685 45226 2510
3049 15719 570
13251 36620 1407
10033 33391 1496
12092 39255 2882
17397 41864 2767
18035 39664 2242
14868 34011 1941
8237 25789 1755
6310 21449 994
17559 39991 989
6276 21111 1258
9060 38346 2483
17191 46538 2914
3294 30230 1659
9707 24909 1295
5879 25721 1978
17502 27360 557
1491 15499 1623
9572 39828 2766
16085 27850 1017
18810 31218 550
15686 40012 2422
6041 21357 1895
15654 30193 1534
13130 30021 767
18907 38234 803
4971 16010 719
9956 30376 2805
3881 25604 1516
19867 45653 2204
17123 35475 1424
14507 36103 2345
18 16 15 14 16 16 12 16 17 12 18 13 17 13 14 17 12 13 13 13 16 12 13 12 15 15 17 16 15 14 12 13 14 17 14 17 18 15 12 17 13 14 18 18 17 16 17 18 13 15 12 16 13 17 13 14 18 13 12 12 13 18 14 16 17 18 16 14 15 12 15 17 14 17 15 14 16 16 15 15 12 16 12 15 17 14 16 14 12 12 13 17 18 18 16 16 12 18 17 18 14 16 12 18 18 13 15 16 17 15 14 13 16 15 17 18 15 12 15 14 15 14 14 17 12 18 13 14 15 17 15 14 17 15 18 18 16 12 15 12 14 14 14 12 18 15 18 16 18 12 17 18 16 15 15 12 13 16 14 16 18 15 17 15 18 12 13 14 16 13 14 15 17 15 12 12 17 16 18 13 17 13 14 16 12 16 15 12 13 18 12 15 12 17 18 13 15 17 14 16 17 14 15 18 15 15 13 15 16 13 15 13 16 16 17 13 18 12 14 18 18 18 15 14 18 16 14 18 12 14 17 14 18 16 16 17 15 18 13 15 16 15 14 14 16 18 16 15 15 14 18 13 17 13 16 15 13 18 18 15 12 14 17 15 17 18 15 15 17 18 18 17 13 15 12 13 16 16 14 18 12 18 18 15 12 16 15 12 17 13 15 18 17 13 12 15 18 14 14 16
17 15 17 12 18 14 18 17 18 16 15 14 17 17 18 15 18 16 12 16 12 13 17 17 14 13 17 12 15 12 18 17 17 18 12 15 13 17 14 12 12 14 18 12 14 14 14 15 13 13 16 15 16 17 18 13 13 13 12 16 18 15 16 17 13 15 16 13 13 15 17 14 15 14 17 12 18 15 14 17 16 13 12 15 14 16 14 17 15 17 14 15 18 14 13 15 18 15 12 13 15 16 14 16 14 17 14 12 18 17 15 14 12 16 18 17 18 17 12 16 17 15 18 14 18 18 13 16 18 14 13 17 13 16 14 17 18 17 18 17 17 18 13 17 12 17 17 12 14 18 15 12 16 14 17 13 12 14 14 17 15 13 13 13 18 16 14 16 16 14 18 13 14 18 15 18 14 17 18 14 18 12 15 12 13 18 13 18 17 17 17 15 18 18 16 14 12 18 15 12 14 16 12 15 14 17 17 17 14 16 15 18 17 14 12 17 13 15 12 16 16 14 16 13 17 12 17 18 15 17 14 17 15 12 13 12 12 14 15 12 12 13 16 13 15 15 14 17 17 17 16 15 16 17 17 13 15 17 12 18 15 16 15 14 12 17 14 13 15 15 13 18 14 12 17 14 16 17 14 12 15 14 13 12 18 18 15 12 17 13 17 17 16 12 12 18 14 13 13 18
16 13 12 18 18 16 13 16 13 18 18 13 14 18 13 18 16 12 14 18 13 13 16 14 18 13 12 17 18 12 13 12 14 18 18 13 16 14 12 13 14 12 13 17 15 16 12 17 12 15 15 18 14 16 16 12 15 16 13 16 12 17 18 18 17 16 14 15 17 12 12 15 18 15 15 17 12 15 17 15 12 12 14 16 13 12 13 14 16 17 16 16 17 14 15 16 16 14 15 16 16 15 12 18 17 12 18 17 17 18 16 17 18 13 15 15 13 15 14 18 15 15 15 17 12 14 15 14 17 14 14 13 17 15 12 12 18 12 12 15 12 17 17 14 18 13 16 12 16 16 16 14 17 12 15 14 18 17 18 15 18 17 12 14 16 14 14 12 16 16 13 13 17 15 13 18 12 14 18 16 14 12 18 14 16 13 18 15 18 16 18 18 16 16 17 17 16 12 16 17 18 17 14 12 13 14 17 18 14 14 14 12 13 18 13 16 17 15 12 13 17 17 12 12 17 16 13 15 15 15 14 13 14 14 17 14 18 16 16 12 12 13 13 18 16 12 17 12 14 15 17 15 15 16 15 15 14 13 18 16 12 14 15 12 14 17 17 16 15 16 17 14 12 13 15 16 12 12 13 14 13 18 13 18 14 14 14 12 12 15 17 15 13 13 15 16 17 13 16 16
18 17 18 14 12 15 18 17 12 15 12 15 12 18 14 16 15 16 15 17 17 15 14 12 15 12 14 13 18 16 15 18 17 14 12 15 18 12 13 15 16 15 16 12 15 18 14 17 14 13 14 18 13 12 16 17 12 16 16 13 18 14 14 17 18 17 18 13 13 12 13 14 13 13 16 13 18 18 17 12 13 18 17 15 15 18 16 18 16 15 17 16 17 17 16 14 18 17 14 13 15 12 15 15 17 14 18 14 16 12 14 16 12 14 15 15 12 12 14 18 14 12 17 18 18 12 16 16 16 15 15 16 16 18 17 12 15 18 16 17 13 14 16 15 16 13 12 15 12 18 18 14 17 12 16 17 13 12 13 17 15 15 16 16 16 13 14 14 14 15 15 18 14 17 16 12 18 17 17 14 12 14 12 16 17 15 14 14 17 18 17 16 18 13 14 12 16 17 13 14 14 17 17 17 15 13 16 17 12 14 16 15 17 18 14 18 13 17 17 18 17 17 16 12 17 17 15 16 14 12 14 14 13 13 14 18 15 13 13 13 13 12 14 18 18 12 16 18 16 18 17 16 12 17 14 18 16 13 16 15 13 13 13 18 17 18 16 18 13 17 15 12 15 14 17 17 13 15 16 14 18 17 18 15 13 16 13 14 18 18 15 18 13 14 17 16 15 15 18 14
18 15 16 16 15 13 18 13 18 16 13 18 14 12 17 15 18 14 16 12 17 18 16 18 12 14 12 18 13 14 15 16 13 18 15 12 13 18 15 14 12 15 12 15 16 14 13 15 12 14 13 12 14 12 18 17 17 14 18 13 13 12 14 18 15 17 18 13 18 17 15 15 16 12 12 12 14 13 18 13 16 17 16 16 15 12 18 14 13 14 12 12 13 15 17 18 16 15 12 12 18 15 16 16 12 17 16 16 13 17 13 14 15 12 16 14 13 16 15 13 17 17 12 16 14 12 16 16 16 18 16 16 12 15 18 15 12 17 15 14 14 17 12 14 18 12 14 13 17 17 17 12 18 16 17 18 14 13 12 14 16 14 18 17 13 18 18 17 15 17 15 17 13 18 13 12 17 18 15 12 14 13 12 18 13 12 14 14 16 15 18 16 15 14 12 18 17 13 14 14 18 18 12 18 17 14 14 12 18 14 15 15 17 15 15 14 13 15 17 15 14 18 16 14 18 12 17 15 12 15 16 18 13 16 14 14 12 12 14 17 14 14 15 16 17 15 13 17 15 14 15 12 17 18 14 16 15 14 17 18 12 12 17 17 15 14 16 18 17 17 13 12 13 18 16 17 18 15 12 13 12 13 18 17 14 14 15 16 12 16 13 17 15 14 14 15 18 12 16 13
16 14 15 14 17 14 13 12 12 17 13 15 16 15 16 12 14 18 14 17 15 13 16 14 17 15 13 12 13 18 12 15 13 17 15 12 18 17 18 14 17 14 17 12 16 16 14 14 18 13 17 17 17 17 13 18 14 16 13 12 13 18 13 13 18 15 12 14 16 16 14 15 18 16 13 16 12 12 14 15 17 17 15 16 15 18 15 18 16 12 13 14 17 12 15 15 17 16 14 13 18 18 16 17 16 13 18 13 15 16 18 12 18 12 16 13 14 13 13 14 17 13 14 16 14 18 12 14 13 17 16 14 13 17 14 16 16 12 16 17 13 16 16 13 13 17 16 17 16 14 18 16 12 18 18 12 12 12 17 18 16 14 17 13 18 16 15 16 17 12 15 17 16 14 17 14 15 13 18 18 17 15 14 15 12 17 12 13 15 15 15 15 13 14 16 13 14 18 17 14 17 18 14 15 13 18 14 16 16 12 14 13 15 12 14 15 13 13 12 12 14 15 18 16 15 13 18 13 18 14 16 17 14 13 18 13 15 16 15 15 14 15 12 12 15 16 15 13 13 16 14 12 12 14 15 16 18 17 17 15 14 16 12 18 12 15 13 14 17 14 18 15 14 12 15 12 16 16 13 14 16 14 12 15 16 15 18 16 14 18 16 17 16 12 13 12 15 14 18 14
16 14 18 13 13 16 16 15 16 12 12 12 13 17 14 18 15 16 15 13 16 16 13 14 16 14 13 15 16 17 18 14 16 14 16 18 16 16 15 17 16 14 15 18 12 14 14 17 12 15 16 14 18 17 18 17 17 12 16 15 14 17 18 18 16 16 13 17 12 16 15 13 16 17 17 16 18 18 15 13 18 17 13 12 16 17 12 13 12 15 14 15 13 15 17 13 15 16 18 16 15 18 18 17 17 12 17 13 16 13 16 14 17 15 16 15 14 13 15 16 14 16 14 17 18 18 17 17 17 18 17 14 16 15 13 13 14 16 14 13 14 18 14 17 13 17 17 15 14 15 14 16 18 17 14 14 12 16 17 16 15 15 18 14 18 18 13 14 12 14 17 12 14 15 17 14 17 15 13 13 18 16 14 16 17 14 13 12 16 17 16 13 13 12 17 16 13 17 13 12 12 15 14 17 15 12 17 18 13 12 16 13 15 17 15 15 17 13 18 14 14 14 17 12 18 12 17 16 13 16 17 17 18 12 13 15 18 13 12 18 15 18 15 13 17 18 14 12 12 14 16 16 12 14 14 15 17 16 16 15 13 18 16 15 14 13 18 12 14 13 17 15 17 14 17 13 12 17 14 18 14 16 17 18 13 13 16 18 17 15 18 15 16 14 12 15 17 12 13 13
15 14 13 12 14 15 13 15 18 14 14 14 16 17 16 12 14 17 14 17 13 12 17 12 15 14 13 15 17 16 17 18 14 17 12 17 14 14 16 13 13 13 15 13 15 17 16 14 15 17 16 15 18 16 18 17 18 13 18 13 17 18 16 18 18 12 16 15 16 17 14 12 16 12 12 18 16 16 13 16 16 13 13 14 18 16 15 12 17 13 17 16 15 12 16 15 18 12 15 13 16 15 15 16 12 16 15 17 18 14 17 12 15 14 18 12 17 13 16 12 12 15 14 17 12 16 12 12 15 12 14 15 13 18 13 18 17 17 17 15 14 15 15 18 15 15 12 17 17 18 16 13 17 18 14 12 13 16 15 16 13 17 13 18 12 18 12 14 15 17 17 16 15 16 15 18 13 13 15 14 13 14 13 17 18 12 12 18 17 15 16 18 12 13 13 12 12 16 12 15 16 17 17 18 12 13 17 12 15 15 13 16 13 18 18 18 12 13 16 14 13 18 17 16 14 16 16 18 17 18 14 13 14 13 17 16 13 15 14 14 12 16 16 17 13 17 17 15 16 15 12 14 17 17 15 18 16 14 17 15 15 13 14 15 13 18 16 15 13 18 13 14 18 17 13 18 15 12 16 15 15 16 16 13 15 13 14 13 14 17 12 15 18 14 12 16 17 18 13 12
14 144
17 158
16 122
18 124
13 171
18 157
17 162
16 133
15 133
18 178
14 139
12 133
13 167
12 167
18 150
13 164
16 165
13 145
13 155
14 169
14 144
15 154
17 142
14 136
14 152
15 149
12 171
17 150
18 173
14 178
13 143
14 146
12 156
18 134
17 129
12 136
16 179
16 157
17 146
14 129
13 141
13 144
16 173
13 151
16 161
17 141
14 168
18 151
17 161
17 151
15 130
17 170
14 130
13 166
16 151
13 178
16 161
12 153
12 173
18 124
18 162
12 168
12 146
13 173
17 134
12 165
13 120
13 152
15 143
12 159
17 162
16 178
15 162
15 121
12 154
16 146
12 121
16 166
14 154
14 121
16 172
17 163
15 171
13 126
12 153
13 135
13 159
16 136
18 142
14 170
15 125
14 145
15 156
13 164
13 139
17 172
18 125
17 174
17 168
12 125
15 144
15 155
15 123
17 120
17 130
12 151
18 147
17 170
14 156
18 126
16 178
12 134
13 177
18 164
16 150
14 122
12 163
14 177
16 156
17 122
13 179
18 140
12 133
16 129
18 172
17 172
15 179
12 139
13 156
13 156
18 174
15 163
16 141
15 168
17 128
18 164
17 125
16 167
14 123
12 147
13 173
12 141
16 169
16 158
15 169
14 121
17 137
18 148
15 134
14 155
15 147
13 163
16 162
15 125
18 159
14 171
13 165
12 125
14 129
15 165
18 160
13 167
15 140
14 126
12 120
14 148
14 168
14 126
13 125
13 147
15 155
16 152
15 126
12 125
14 155
12 158
16 170
14 175
15 120
14 146
15 169
12 166
16 177
13 156
16 130
17 144
13 128
14 139
14 151
13 124
13 147
14 146
14 150
18 124
14 136
13 166
17 151
16 159
13 149
12 128
14 120
15 141
18 159
15 171
18 141
15 141
15 172
18 175
17 158
13 139
14 158
17 132
15 140
13 145
14 138
17 164
17 151
16 170
13 140
15 137
18 170
15 143
12 179
16 132
16 154
13 163
18 155
12 180
17 149
17 133
15 171
14 173
17 124
18 174
18 170
15 163
15 128
17 139
13 136
17 129
17 147
18 144
12 148
16 150
16 145
16 152
18 164
15 154
12 170
14 164
18 154
16 160
12 126
18 135
17 162
14 130
17 159
12 156
17 163
17 145
18 141
18 147
12 120
12 136
13 152
17 153
16 157
17 156
13 148
14 145
15 169
17 157
17 152
13 142
12 150
12 138
15 178
12 127
18 180
17 129
14 139
14 149
18 133
16 150
14 150
12 148
17 164
15 140
12 139
12 171
17 127
12 174
14 161
12 163
18 130
17 135
16 131
16 130
14 155
15 149
