8
2 3 1450
3 2 1304
7 5 1289
6 4 1232
2 1 1423
3 5 1227
6 2 1758
5 2 1659
78
9115 41941 2913
5231 24299 526
11149 31856 2231
7055 30244 1136
3349 19258 1878
3169 24330 2056
19782 38655 1908
15054 32224 677
12403 23749 1011
9606 41999 2761
18918 36973 1981
1501 21255 784
9482 22954 1433
3309 21801 1453
14857 38462 1638
5329 26364 1994
6865 32620 1955
2339 25284 1593
17502 40448 1200
5354 25437 1502
8845 34600 2054
7196 37317 2781
1832 19724 1828
10336 25063 631
2168 18604 1596
10311 32909 2823
12964 45178 2544
4681 25915 2379
8081 30641 1071
17661 40960 2799
14038 48217 2894
13087 38467 2890
4532 24870 1398
2978 32965 2521
3592 14556 692
13833 34379 1155
12608 27660 760
15337 43706 2940
18128 44876 1529
3753 22657 547
8743 39830 2699
3655 22928 1893
5182 29015 2280
8630 24396 513
16635 42742 1231
9779 33243 935
19954 41107 2579
12252 35374 1126
17674 41236 1161
18 28191 2672
16010 30464 1827
11894 36080 958
7846 22590 1759
18591 32311 1486
15924 38543 850
17455 38917 783
4207 25091 1015
18015 37950 2446
17290 44508 1585
13865 37255 2984
6591 36811 2708
13074 37958 1776
14355 44239 2029
14794 34871 2619
7362 20986 1515
689 24747 1884
7540 36021 2768
235 13408 1402
7501 17310 741
10827 20127 628
7798 30385 2605
7020 33294 2488
18711 38356 1041
7962 37997 2436
13338 33642 2437
3176 23402 886
11609 34873 2265
15303 45371 2183
17 12 17 17 17 12 12 15 17 14 18 18 12 13 13 13 16 15 13 15 13 14 15 13 18 12 15 18 18 18 16 12 12 17 16 18 12 12 18 18 13 13 15 15 15 13 18 15 12 13 15 12 15 14 18 18 15 14 15 17 17 18 16 17 17 15 13 13 14 13 12 16 17 16 12 17 14 12
12 16 15 16 18 16 13 12 16 12 18 13 12 16 12 17 18 13 15 12 16 13 16 16 12 16 12 15 17 16 16 16 14 14 13 17 17 14 13 14 15 13 17 17 14 15 14 18 12 12 15 16 16 12 12 16 13 16 14 13 14 12 13 14 14 13 15 18 16 17 14 16 18 17 16 12 17 18
16 14 17 12 13 14 12 12 17 16 13 14 14 16 13 17 14 13 17 17 18 14 16 15 14 18 12 12 17 15 18 14 12 12 14 18 13 17 14 13 17 15 16 17 15 16 12 12 12 17 13 16 12 18 14 16 16 13 15 13 12 14 14 18 18 12 14 13 17 13 17 12 14 18 16 18 15 16
17 13 13 18 13 18 18 13 15 12 13 17 14 18 15 18 17 18 17 18 13 14 13 18 17 12 15 18 12 18 15 13 13 18 15 14 14 18 18 18 13 13 12 17 13 15 14 14 18 12 18 14 14 17 16 15 17 18 16 14 12 12 14 13 16 14 12 12 16 15 14 17 18 14 15 16 16 12
15 16 13 14 12 17 15 12 16 18 16 17 17 17 17 17 13 14 15 12 17 14 16 14 17 18 12 17 14 16 14 17 15 14 15 17 14 16 13 13 15 17 15 17 17 13 16 16 14 15 16 18 12 14 14 13 15 18 16 16 17 14 15 15 15 17 13 16 15 18 18 17 13 17 12 14 16 17
17 16 14 12 18 18 13 17 14 13 18 13 13 12 12 13 15 16 18 18 12 15 15 17 16 13 17 17 15 15 15 13 13 17 17 12 18 18 18 12 18 15 13 13 18 17 16 15 12 16 13 18 12 15 13 18 15 17 16 16 16 14 18 15 16 18 17 16 15 18 16 15 13 17 18 15 15 14
18 13 18 17 14 18 18 16 15 17 13 14 15 12 17 14 13 14 14 14 16 12 13 13 13 15 17 13 17 13 12 15 15 14 16 15 15 12 13 18 15 15 18 16 17 12 18 18 16 15 15 12 14 14 18 15 18 18 15 16 17 17 16 18 16 13 15 13 14 15 15 12 15 14 17 17 18 15
17 13 18 15 13 16 16 12 15 16 16 17 12 12 17 15 13 18 15 13 12 14 15 14 13 15 14 14 18 15 14 18 18 15 14 18 12 15 12 17 16 12 14 13 17 12 18 17 12 18 12 13 13 18 12 16 13 13 13 15 17 12 16 13 15 17 14 18 14 13 16 16 17 17 12 18 18 13
14 126
16 121
14 156
17 178
15 145
17 132
12 157
17 173
17 135
12 164
18 139
18 163
16 171
12 170
16 170
12 142
16 147
17 143
12 152
17 141
12 174
15 172
15 126
15 143
17 177
18 149
17 129
15 131
17 153
17 137
16 171
16 169
15 149
15 172
17 157
14 140
18 135
18 179
12 137
15 135
18 149
16 159
17 144
14 121
15 174
14 131
15 133
14 171
14 141
14 176
16 164
14 155
12 153
13 125
13 166
15 151
16 168
13 164
15 161
17 151
15 170
12 125
14 134
15 164
13 139
17 157
14 150
16 153
14 147
17 155
14 142
17 149
14 139
14 134
12 166
13 140
12 167
16 180
